8.158590751579458678e-01
9.508634676988395595e-01
2.630696787788033841e-01
6.048577046979990435e-01
5.311730158584542227e-01
4.227745966523415166e-01
7.195545003331844658e-01
2.307821729696232227e-01
1.358542289259658808e-01
9.632332047657552465e-01
1.210794362830186488e-01
5.932222539308922293e-01
6.964886291687831799e-01
1.279745527222143631e-01
2.274665844298932038e-01
8.303468834122562647e-01
8.679543857938013529e-01
9.161527802622129180e-01
1.279012248251206740e-01
3.201483860754699151e-01
3.718669949296643518e-01
7.748863308103491887e-01
3.610981937635862060e-01
7.287991160090820930e-01
8.022233617014054019e-01
9.152213523230946501e-01
3.722355256228974119e-01
5.704676894835059020e-02
9.681119482575705204e-01
9.158896532213254282e-01
4.135687837005925793e-01
8.650176168184809944e-01
2.551063807156440655e-01
9.576164067951702386e-01
4.601215902089386134e-01
2.902185647379218469e-01
4.390760330690514079e-01
7.403476183809931666e-01
1.491905605070874552e-01
5.406907362682934481e-01
4.296997161788431718e-01
4.229820982586566247e-01
7.172210341875033812e-01
3.058332543638466738e-01
1.560480881838574030e-01
3.230163684665698920e-02
9.161999837366363586e-02
8.720958584686774318e-01
8.516451148261284798e-01
2.293123935298613247e-02
6.128134035526207057e-01
7.131377757367829417e-01
7.277902609810826817e-02
1.505533587530777373e-01
8.967249104774159818e-01
4.659387148868875395e-01
2.218153658923759375e-01
2.247528148100961243e-01
7.948705015206547486e-02
5.744739589020639858e-01
7.920100697517453714e-01
2.409473771987707957e-01
7.205690027334399339e-02
9.342980468455125420e-01
4.019910991056643290e-01
5.830020646907839721e-01
9.782400132192782261e-01
2.666299247340053746e-02
9.413252019258555592e-01
4.234916507347725734e-01
1.211136840510258494e-01
1.415247475517655840e-01
4.102385491500071257e-02
5.909621550681128932e-01
3.066799740551223730e-01
2.989159414185349473e-02
7.978356763806659924e-02
5.451843965774483269e-01
9.234236671155898746e-01
1.922038360314805017e-01
8.033570567755372593e-01
3.783277938712157340e-01
4.235020605785554393e-01
1.426925976468285118e-01
8.153613946609631347e-01
6.060534705104024811e-01
5.477605413067013762e-01
4.226059355628685177e-01
7.426664207895420367e-01
3.833712496199669362e-01
8.674447829528708631e-02
8.862183507666306914e-01
5.626464921623414162e-01
8.150854268508107570e-01
6.353389276315929424e-01
3.449277110539327174e-01
7.960791606534530773e-01
9.784019405029685812e-01
1.552336467265497122e-01
1.308779071176955355e-01
2.684794899635566390e-01
5.852376049680488856e-01
7.030149696896359490e-01
8.390195014340950941e-01
4.038783641587952999e-01
9.296032503008099246e-01
9.520107513216563566e-01
7.123404276104511323e-01
6.618822970453835941e-01
3.506195951021078283e-01
7.850934250096280875e-01
1.246457840079919777e-01
3.443314258218154178e-01
8.974488983538034814e-01
5.351604904567546228e-01
8.479405410979360402e-01
2.955590482180796563e-01
8.068155271956464203e-01
8.017810659835628018e-01
3.908470354316206929e-02
5.828071259162547202e-01
8.358920454111383735e-01
8.787051374435637108e-01
6.793688845963103962e-01
9.286913952819997320e-03
9.775877834297741487e-01
5.388375050203234595e-01
1.619498006722563943e-01
1.326204629863371176e-01
6.683921135512275180e-01
5.370464843258863086e-01
9.559098279100778361e-01
8.788633057582875274e-01
8.434347127279485656e-01
4.757891301387137117e-01
3.816288165080322647e-01
5.239984320612849356e-01
5.242651503247698352e-01
5.675286828034518116e-01
6.925281936443494768e-01
4.965592544900298000e-01
6.041316379669061654e-01
4.576409109760323224e-01
2.948605381644552326e-01
1.362359306009893745e-01
9.667408611218144543e-01
7.071837711642605662e-01
8.570665847475167354e-01
9.969341601067348568e-01
9.020487327737145566e-01
9.632863311572950060e-01
6.016068348442515923e-01
1.367290192413602723e-01
5.231911148996707395e-01
9.827954047485772948e-01
1.925054124649228093e-02
5.145463896114670366e-01
2.360279825146283095e-02
4.814048297096644724e-01
1.911872925211268726e-01
1.953904068382299464e-01
9.741468820106783388e-01
5.237143757968513169e-01
3.081086352094187797e-01
4.868228492619167680e-01
4.732003081962105062e-01
3.465287708542850176e-01
5.992338340302706401e-01
7.498852732309883029e-01
8.211269554976559082e-01
3.411244530104416972e-01
7.720824558037016061e-01
5.346869778987876076e-01
2.051336949583115743e-02
6.832541690106176402e-01
3.804755278683569220e-02
9.595113609136864952e-01
6.546227327852258693e-01
7.596305922146986411e-01
8.644100948460460287e-01
4.036893399072833954e-01
9.313818260165844798e-01
2.611381552270527484e-01
2.143702619230227757e-01
5.061405128742622050e-01
5.514677461263581826e-01
9.645068552538782480e-02
4.188029219535687186e-01
1.443563560512318711e-01
5.262041740961396208e-01
9.048897423936907991e-02
6.057740893508551938e-01
4.642079503227565240e-01
2.821224510354494175e-01
2.193752613663583206e-01
2.242790176478784980e-01
4.527530858621151566e-01
4.008779495250075486e-01
1.444826051140644108e-01
7.245877820189725593e-01
8.335318904163343534e-01
9.906928511180411734e-01
2.645505566695065536e-01
5.400689329385314208e-01
4.913835818418331725e-01
1.297707331113859830e-01
9.508316663853707551e-01
9.291346675596524607e-01
9.129624328551086965e-01
4.778906168332059945e-01
3.922074295989175230e-01
6.503296309640115291e-01
5.818845777651902029e-01
7.425573202031561237e-01
8.330757111578870333e-01
1.127596647388040552e-01
2.574102323814841942e-02
1.268300068362426813e-03
6.987522759745294909e-01
4.811736296668320811e-01
5.061675587740561699e-01
4.795160952548380706e-01
1.848901251151171543e-01
1.095360970762179198e-01
6.721170440259653933e-01
1.925455104746405244e-01
9.890283780820312565e-01
2.208322143405386795e-01
3.461208289403078231e-01
3.617840652611026275e-01
3.610705720308277078e-01
6.055350376695329828e-01
8.770149405760973016e-01
1.205173878190980430e-01
6.494189744128455732e-01
7.193728392395722926e-01
6.932591484044472452e-01
2.705367302356310732e-01
5.448999220440448044e-01
1.291841437614671406e-01
