1.392102361007292455e-01
7.982230190134900205e-01
3.702715122168942496e-02
4.618233944180429873e-01
6.425583160514861669e-01
8.287319615809268791e-01
9.911647894466740771e-01
1.946227204853997472e-01
2.713004021128234688e-01
4.246731355246401440e-01
1.808040183431174341e-01
4.713475339329892266e-01
1.181821442795910615e-01
6.119025514637930208e-01
1.541380101340772413e-01
7.266084986682019853e-03
6.358725559472400146e-01
8.376726272895345105e-01
1.158795116251477575e-01
1.058563778421804935e-01
6.404684296293341461e-01
8.280254941970336402e-01
6.989804997441413370e-01
6.150233625795247239e-01
5.568755986646447553e-01
9.754131158561771819e-01
5.240512936700856272e-01
3.094537239411230267e-01
7.068284383260718950e-01
4.995288611496376818e-01
9.466086316983451932e-01
5.699113026480970845e-01
9.002824929043227176e-01
9.503384890901015458e-01
6.600922298653788545e-02
5.316421549972920602e-01
5.403894459425211405e-01
1.097664439580678941e-01
3.688390831047039242e-01
6.425564396399168210e-01
9.782056672478639525e-01
5.963342754593140560e-01
3.579687441133937442e-01
4.204503902890235345e-01
7.371890675409084048e-01
6.721739654525960006e-01
6.350708735078588463e-01
5.507947757244410214e-01
6.478543093993971436e-02
1.718587892991471078e-01
5.637329352943721839e-01
5.629961863578295533e-01
6.508878780590824364e-01
8.711215230396570641e-01
4.549118555208203629e-01
9.479093208003795956e-01
9.937854264491934320e-01
4.127718229778746251e-01
9.692591887757785463e-01
7.030881398384715153e-01
9.589592565716898998e-01
6.382501632400472413e-02
5.010971889183398753e-01
5.498852862092827865e-01
6.684721660372914265e-01
1.666190027615457314e-01
8.241576172154554403e-01
4.662885808214615180e-01
1.362779268479730188e-02
5.864453967702132342e-01
3.356531576478856138e-01
4.167602279952564714e-02
2.338055621362113978e-01
1.815790445410703224e-01
3.655622853502361602e-01
2.751033736633302640e-01
8.054492466535665418e-01
9.084151719211841502e-01
9.770666521813394789e-01
5.505156960481786266e-01
2.481848562836963534e-02
7.226082517701238883e-01
5.791580445058177595e-01
5.391498969911721062e-01
2.117631191779991706e-01
6.340028973998316220e-01
8.393320925047639269e-01
5.739201242021507721e-02
5.698777145679259082e-01
2.572542017965738781e-01
9.890954884039305783e-01
4.647662542767041494e-01
2.914320548403259714e-02
5.215674512851138367e-01
9.633886969417559953e-01
9.249902787301420570e-01
7.064111836879487516e-01
4.104650171904724587e-01
2.263814603608339526e-01
6.386508217805162424e-01
4.936120645422148456e-01
8.516177018110210328e-01
5.266042386096237982e-01
7.399701562989721149e-01
7.051587115480041357e-01
4.985781718377531035e-01
7.093887006601645728e-01
4.797518518917442965e-01
1.073781498109473986e-01
2.211898502979969816e-01
8.598652306594816164e-01
1.296130961107981872e-01
3.195200790619888709e-01
9.815626086763511449e-01
2.534364754843969614e-01
8.371466562175828852e-01
5.564355978939963254e-01
6.217921329580794465e-01
4.098293103832451045e-02
8.970818972436472860e-01
5.526894577129515262e-01
6.231905714467695923e-01
9.728330757271598239e-01
4.426690419393664033e-02
7.547418118105612139e-01
8.190454382389812382e-01
1.810133215292815123e-01
1.013351311469167237e-01
5.851602713056439642e-01
6.105196043036782427e-01
3.689238157899031867e-01
8.034326719054921684e-01
1.440938229961676864e-01
7.302770476152008472e-01
6.688497498710094247e-01
8.144783587830550786e-02
3.435650496032116585e-02
2.735288356428177137e-01
5.242196006398609498e-01
2.272104951931679384e-01
7.740505272738044118e-01
1.094339923313839558e-01
9.419466611197027106e-01
4.216768390614372697e-01
3.287461190671290279e-01
8.493810576394383860e-01
1.385121343206163758e-02
7.330061769706880392e-01
3.342226687139626673e-02
4.150990016162667828e-01
2.656772151099022761e-01
3.741778007781125792e-01
7.301771312483876786e-01
7.633826921455166836e-01
7.946964282300361671e-02
8.241697501429851025e-01
9.735364488736394373e-01
8.435662049147610864e-01
3.209747614018887418e-02
8.819995833032286958e-01
4.914947332797025004e-01
1.394077663661462685e-01
6.479607996592054997e-01
1.192976016548320528e-01
4.664315742836727674e-01
7.240418266623418475e-01
3.347687547813220643e-01
3.975907995786140958e-01
2.948782307443428286e-01
8.538238911412081578e-01
1.872286879635766121e-01
3.776623990943045461e-01
6.926787744785511958e-02
9.545016995348515332e-01
4.778571746762869665e-01
4.152297521927196255e-01
7.203177467430204040e-01
9.277160156370491961e-01
7.679066853042715302e-01
8.947383564903924613e-01
2.454735285401731248e-01
3.975496094892949639e-01
2.644881835534430570e-01
3.119336439856532639e-01
1.257147566045266895e-01
7.011519515404798231e-01
2.613814575604510582e-01
4.166381834110429727e-01
3.859149775417888284e-01
8.028002216615039988e-01
2.906014511252623667e-01
9.287201483808794622e-01
7.354862892169892197e-01
2.798080950513134324e-01
9.230473036204569492e-01
3.947353597900216116e-01
8.826093962631251788e-01
4.931621512760397952e-01
2.194143736454055027e-01
2.298135392605473726e-01
7.002559661223070053e-01
8.852744845716099542e-01
4.129216622607103648e-01
5.360438868884338515e-01
7.753531073632080606e-03
2.754995915112311566e-01
9.830548420313768299e-01
2.340312133295842090e-01
8.467489164638785093e-01
8.776901741707208160e-01
5.127259098818381933e-01
8.129289531742841524e-01
5.657556380753069325e-01
8.226834622619485504e-01
5.072434787050594807e-01
4.416800671662668432e-01
3.511671277512558031e-01
3.000256003626418089e-01
9.848491856591043980e-01
9.788017203585867021e-01
8.618740329582532667e-01
3.618118620400547769e-01
8.719893150772551893e-01
9.811407763275707961e-01
2.588010339716199093e-01
4.846719888826322986e-02
2.972137331911197666e-01
1.706840349795831768e-01
8.951507083328952286e-01
8.095689080955464911e-01
1.337248979235039492e-02
8.892310536999261661e-01
7.083914378767980358e-01
3.819074825610216939e-01
1.963926892199651109e-01
7.113178534352788684e-01
5.348466250955374868e-02
5.786800801966782704e-01
9.545175477285190446e-01
3.387266656295276901e-01
