5.607710127152223389e-01
7.095351116082663223e-01
5.212893005642109667e-01
8.578713641894469832e-01
1.440065154683862758e-01
1.551870349178274822e-01
2.635963846074232952e-01
6.221460016208331112e-01
5.649032158539672999e-01
8.317867710532779180e-01
2.216096739836419527e-01
8.859555394235362202e-01
6.030746279687052569e-01
5.585296777817164715e-01
2.701040572251774963e-01
2.030734066700504714e-01
4.398321335301014212e-02
8.678813340633024787e-01
2.563144349836297131e-01
7.424537096508143641e-03
1.338259644506341051e-01
9.597264078374322382e-01
5.298710034688913773e-02
4.012205784622346894e-01
8.136167315580195014e-01
3.215796402341690730e-01
9.413761418080403010e-01
7.430370519241823457e-01
5.101650727381766837e-01
9.993097945267537252e-02
2.824838999606946732e-01
7.009477430719098789e-01
7.182480390080374644e-01
7.450187861707530113e-01
2.879072480082659480e-01
9.463054643005481825e-01
6.190369841555337649e-01
5.904797304629981758e-01
3.444616249785226181e-01
5.226534153451332099e-01
6.605536137624342663e-01
5.037058615296073905e-01
8.009427167435237971e-01
7.098489153475940894e-01
4.810796420437054577e-01
7.878567136414040828e-01
6.220286291692492808e-01
8.663062512868555665e-01
5.880017986658359064e-02
7.096369664704897939e-01
5.513746257416269891e-01
9.888258467751136482e-01
5.960787078320560761e-01
4.967464837774010489e-01
3.100996148919910045e-01
5.456399073951501144e-02
1.985688484988730185e-01
9.673758590872736374e-01
5.454225942565938956e-01
5.033667553326875987e-01
2.401764921512340445e-01
8.487794028195424501e-01
8.075994483064313778e-01
8.573990037959401400e-01
3.716432363226278568e-01
5.628591007221805942e-02
4.538682442347363732e-02
1.986594623461179765e-03
5.178953576305397322e-01
7.173188729115527185e-01
6.210356782311509116e-01
6.371271192515046700e-01
2.801322167331429247e-01
1.469640853143839854e-01
8.916063172356318844e-01
3.437626737012902112e-01
1.946317621650478502e-01
2.804836335695116700e-01
1.650012308732642374e-01
1.328001375181572241e-01
5.466423165366621761e-01
7.119467425804159033e-01
8.735987621513743306e-01
6.008989098607034895e-01
7.876293113666289480e-01
9.867166630217633072e-01
7.207606796704169039e-01
4.018993426586059403e-02
2.495218778932291048e-01
8.783833862858316799e-01
5.222513107031756530e-02
3.080696012405365058e-01
2.739787494803563872e-01
3.846489847012440899e-01
9.902243858041486213e-01
6.186119442622826092e-01
9.025779649740266475e-01
3.570772931651269300e-01
4.179402701471152115e-01
1.280589437483317106e-01
3.434513537650264459e-01
2.850910026085894389e-01
1.793783047635125749e-01
9.168295322983447404e-01
2.560535950412430317e-01
4.582584075050590844e-01
3.067584380072035932e-01
3.896594156029429268e-01
8.783589770148902964e-02
5.960896365743795222e-01
8.618689744441899725e-01
9.264507537595297881e-01
9.729751286180299275e-02
1.969838491812774262e-01
5.509061691872413347e-01
7.039600787707257501e-01
8.918662659381529911e-01
1.032126008782087156e-01
6.758147407885177760e-01
8.485481267369703318e-01
5.712970456602082248e-01
5.877507744388946742e-01
6.653595405650125638e-01
4.197814447888758016e-01
1.058257964471208679e-01
2.336585397975026179e-01
7.119570297216271104e-02
2.039917852211170501e-02
4.924175800654050361e-01
7.579828089181750439e-02
9.587936307320116258e-01
5.205108420441991735e-01
3.353411351662868300e-01
6.900099926380890425e-01
4.352052899929236274e-01
4.743053777196949428e-01
3.364541659757068759e-01
9.222161284238709067e-01
8.809193649203728160e-01
7.497656650994578564e-01
9.273275323025932382e-01
6.063773136040868650e-01
1.131572973806993510e-01
5.908853347797697886e-01
2.487056517858375893e-01
5.263336384703318771e-01
1.146628030270236964e-01
2.876943983202104871e-01
5.792123381760594381e-02
3.713051082822598215e-01
7.965800127704854017e-01
6.431286142687098195e-01
7.769316043310433573e-01
4.002692805710890145e-01
9.663847732993504636e-01
2.989224393593681306e-01
8.891668805079946392e-01
8.963569771151125298e-01
9.295381372730635583e-01
1.116240581605595361e-01
8.392586861477497884e-01
8.626371469329819908e-01
5.300207274270146707e-01
7.965527456535368422e-01
2.706108767128171388e-01
9.444562840030313877e-01
8.942844856482543570e-01
6.705662273923986838e-01
4.983739635641082355e-01
3.325039350282187334e-01
4.080204757360063050e-01
4.969633612122201782e-01
6.752881610313379301e-01
5.219385514689128813e-01
8.835381554960830552e-01
6.491667756542011114e-01
6.921592341721944930e-01
3.130335310307326147e-01
5.073393227167876107e-01
7.085710166925376363e-01
5.408134697897954979e-01
4.780818845658121319e-01
9.143424395527603998e-01
5.558352403707881306e-01
4.352286588204206108e-01
4.362978951371363490e-01
7.855584550798746513e-01
4.084499028951884547e-01
4.322516558880550308e-01
7.550564361022434889e-01
9.037166676815379107e-01
5.041729830491191722e-01
6.430600075577195263e-01
3.237041325143363846e-01
9.480346721916099728e-01
7.339196206199202210e-01
7.078921482423410350e-01
8.962092972253732359e-02
1.225236500103604742e-01
6.585733939704433437e-01
3.307258513356413632e-01
1.304394777137665162e-01
6.724591125991910001e-01
9.189544478976743314e-01
5.319024648197770988e-01
3.643463054575604154e-01
4.929560581282630416e-01
5.288823857153710506e-01
4.010294984930909967e-01
4.163202581778546740e-01
8.325160745918147587e-01
3.694407777674547644e-01
1.362151148668372391e-01
3.826761140328213129e-01
9.115073354473136602e-01
4.043617585752545818e-02
6.829486909901062441e-01
2.569742446233835853e-01
8.709771070854586128e-01
3.839195690531937988e-01
1.389124242385439967e-01
9.879908891388368142e-01
6.811321718540250814e-01
9.140358627813757186e-01
2.195674178926345643e-01
9.531426836684072645e-01
7.805708586224191503e-02
1.078709535965143296e-01
5.033359635167369284e-01
2.956318431123253765e-01
6.528111339885099840e-01
4.008997287503527351e-01
7.148529118209927535e-01
9.829233791136241516e-01
6.253515946877719056e-01
4.185973967809841767e-03
3.187335575200151983e-01
9.598767873276987661e-01
7.578715360256259581e-01
4.907396981627623056e-01
